12
13
-12
46
-29
-42
15
-25
-25
-8
40
-29
27
25
-42
15
18
-23
-66
-41
-10
-58
-45
6
-38
-50
-2
-9
-41
1
-10
-72
-30
-26
-81
-65
27
45
-23
13
58
-45
23
26
-57
-61
15
29
-39
9
44
0
42
13
18
-67
-47
-49
-30
46
-34
33
56
29
14
-83
-79
-85
9
-39
-14
33
-2
-6
58
23
79
108
8
5
3
58
41
45
45
-66
-13
-49
-2
88
43
41
-50
-37
-127
-40
-93
-16
58
-20
-7
31
22
27
-32
15
-27
-46
-69
-37
-1
13
-20
-71
64
56
34
-26
-19
46
-15
-64
-87
50
12
42
-51
-52
-26
8
18
-29
-18
-19
14
20
65
75
-44
-11
3
-7
28
-84
-4
7
27
-23
-67
-47
55
21
-27
38
26
28
28
-1
28
-8
-30
29
-2
-1
9
-32
-5
15
30
-1
-20
-15
21
-24
-18
9
-19
18
-5
-46
-10
16
42
-11
-20
5
-17
-13
1
71
49
-18
54
63
45
-81
-21
-14
9
1
10
21
0
34
-3
-40
-9
-45
3
-20
13
7
-1
30
3
-2
-42
-10
0
-3
26
-9
46
-26
-73
27
-44
21
-19
20
10
-3
20
-27
-17
9
5
55
29
-61
43
-41
9
49
12
-34
-19
-28
6
19
21
-7
8
-28
26
-46
10
41
29
34
-30
-2
-14
-84
19
-46
-74
-33
-50
18
-22
-12
50
-61
-3
4
-35
-7
6
48
-50
9
11
-15
18
-18
-22
3
-41
-34
-26
0
-31
-69
25
0
-40
11
-2
7
-48
-92
-8
-74
-65
-38
20
-55
54
13
-75
50
-22
-14
35
19
13
-12
30
29
-42
3
32
-43
9
41
25
-18
-26
-6
4
7
14
0
32
3
7
-1
27
-10
-48
-4
1
-16
4
-46
-24
-21
66
51
59
40
53
-3
62
72
50
-50
-66
-35
-20
19
3
7
-3
25
-47
-58
-15
-29
-31
-28
9
10
0
-3
33
13
24
-14
-41
14
-12
3
-2
24
27
20
-37
-70
-10
19
-6
-27
39
32
-41
-30
2
-31
4
-23
16
-6
19
-8
-68
-13
49
-14
-26
21
94
62
45
7
-67
11
21
-52
-18
-1
10
-43
21
15
-75
-16
8
12
-23
-53
2
-9
32
-23
29
-9
-55
26
-9
0
-43
25
7
-33
23
-55
4
27
1
3
-61
17
-14
-120
-15
-63
-124
18
-46
-47
-2
-32
-58
-51
-28
-65
0
-49
68
12
-14
66
-36
-29
62
21
9
-19
48
9
-70
32
-4
-57
-38
41
-14
38
33
-58
23
-72
-33
-16
20
-4
-36
17
-30
2
-11
-49
11
11
-35
54
18
-21
33
-21
9
-3
-34
-20
-32
-24
27
3
50
-8
-18
33
27
-27
33
18
38
38
-37
15
-42
-52
-29
-55
-25
-60
-17
45
0
-33
-29
16
-7
-20
8
22
-21
-6
-43
-36
2
-10
-7
8
0
9
52
16
-14
-1
30
20
17
16
0
22
60
93
107
51
-2
62
41
46
-24
-49
-29
-4
-23
-27
26
18
22
27
9
50
-37
-7
-9
-3
-23
-12
-28
-79
-65
-18
15
36
-4
55
20
17
-12
-64
-32
-56
-15
-26
26
27
-45
6
27
40
45
46
56
9
48
93
6
-28
14
-76
-29
-67
-12
43
60
-33
-69
-48
-79
-12
-7
7
68
-6
-12
9
-2
14
-1
-24
-18
-5
15
-4
-30
-3
36
-29
-3
23
14
-5
11
-30
-5
36
-3
-30
36
29
-22
-35
-23
-38
-41
1
-27
-63
23
0
-50
-83
-25
-75
-111
-50
-26
-29
-37
20
4
1
38
-8
9
49
27
-48
-80
-20
6
-33
-30
1
-51
-39
15
-22
-26
21
-1
11
-23
6
-13
-10
-41
-15
25
-5
-4
-31
-26
-19
-17
7
10
0
-21
-8
-5
10
47
5
-55
-38
55
62
45
54
55
14
-17
-28
-12
31
35
30
-17
-6
2
2
-20
-6
-10
-22
12
27
14
25
-8
-27
36
-31
37
50
-57
28
12
24
-67
-46
-18
-24
30
-41
1
-4
12
18
92
-27
12
33
7
-11
-27
29
-33
-123
-61
-85
4
-44
-75
-35
21
-68
-77
1
-60
14
-77
-22
52
5
0
31
7
20
-13
-2
5
5
-28
-15
-5
16
16
14
-25
-8
-37
-18
-30
-30
28
23
30
-14
16
8
0
3
6
-7
4
-5
-27
-44
-41
5
23
16
11
-5
9
50
71
40
-7
-22
-36
37
0
20
27
39
10
10
30
3
-24
-17
-16
2
-29
3
